[gd_scene load_steps=18 format=3 uid="uid://dk78un54j3shf"]

[ext_resource type="Texture2D" uid="uid://c8arnlq67qi7" path="res://assets/textures/grids/Dark/texture_05.png" id="1_tbgi4"]
[ext_resource type="Texture2D" uid="uid://b58xv1joypxo5" path="res://assets/textures/grids/Orange/texture_09.png" id="2_tefeu"]
[ext_resource type="Texture2D" uid="uid://dbsgg0ae71tpv" path="res://assets/textures/grids/Purple/texture_09 (1).png" id="3_o6xl0"]
[ext_resource type="Texture2D" uid="uid://cq0dknex53li6" path="res://assets/textures/grids/Green/texture_09 (2).png" id="4_tipki"]
[ext_resource type="PackedScene" uid="uid://boouroswp3vuf" path="res://assets/mundo/Untitled.glb" id="6_tefeu"]
[ext_resource type="PackedScene" uid="uid://knulu82buhbu" path="res://assets/mundo/city/Untitled1.glb" id="7_o6xl0"]
[ext_resource type="PackedScene" uid="uid://dj55e6djb6qd" path="res://assets/mundo/medieval/medieval_fayre_-_free_game_assets.glb" id="8_tipki"]
[ext_resource type="PackedScene" uid="uid://bqf30pfvjqb1i" path="res://assets/mundo/rock/lion_rock_piha.glb" id="10_choun"]
[ext_resource type="PackedScene" uid="uid://dc4g4sq5h8if" path="res://assets/models/Bunny_bot/bunny_bot.glb" id="10_ya4ey"]
[ext_resource type="PackedScene" uid="uid://cetrwgh5fdpdg" path="res://scenes/ty.tscn" id="11_ya4ey"]

[sub_resource type="ProceduralSkyMaterial" id="ProceduralSkyMaterial_aqk2v"]
sky_horizon_color = Color(0.662243, 0.671743, 0.686743, 1)
ground_horizon_color = Color(0.662243, 0.671743, 0.686743, 1)

[sub_resource type="Sky" id="Sky_036b0"]
sky_material = SubResource("ProceduralSkyMaterial_aqk2v")

[sub_resource type="Environment" id="Environment_dwbse"]
background_mode = 2
sky = SubResource("Sky_036b0")
tonemap_mode = 2
sdfgi_enabled = true
glow_enabled = true
fog_enabled = true
fog_light_color = Color(0.932142, 0.939192, 0.950276, 1)
fog_density = 0.001

[sub_resource type="StandardMaterial3D" id="StandardMaterial3D_fj7yv"]
albedo_texture = ExtResource("1_tbgi4")
uv1_triplanar = true

[sub_resource type="StandardMaterial3D" id="StandardMaterial3D_pkg7o"]
albedo_texture = ExtResource("2_tefeu")

[sub_resource type="StandardMaterial3D" id="StandardMaterial3D_gbfbk"]
albedo_texture = ExtResource("3_o6xl0")
uv1_triplanar = true

[sub_resource type="StandardMaterial3D" id="StandardMaterial3D_ioo17"]
albedo_texture = ExtResource("4_tipki")
uv1_triplanar = true

[node name="world" type="Node3D"]

[node name="DirectionalLight3D" type="DirectionalLight3D" parent="."]
transform = Transform3D(-0.866025, -0.433013, 0.25, 0, 0.5, 0.866025, -0.5, 0.75, -0.433013, 0, 0, 0)
shadow_enabled = true

[node name="WorldEnvironment" type="WorldEnvironment" parent="."]
environment = SubResource("Environment_dwbse")

[node name="map" type="Node3D" parent="."]

[node name="floor" type="CSGBox3D" parent="map"]
transform = Transform3D(1, 0, 0, 0, 1, 0, 0, 0, 1, 0, -0.513265, 0)
material_override = SubResource("StandardMaterial3D_fj7yv")
use_collision = true
size = Vector3(1000, 1, 1000)

[node name="box" type="CSGBox3D" parent="map"]
transform = Transform3D(0.721772, 0, -0.692131, 0, 1, 0, 0.692131, 0, 0.721772, 2.13101, 0.494187, -6.66136)
material_override = SubResource("StandardMaterial3D_pkg7o")
use_collision = true

[node name="box6" type="CSGBox3D" parent="map"]
transform = Transform3D(-0.0852435, 0, -0.99636, 0, 1, 0, 0.99636, 0, -0.0852435, 2.23415, 1.95872, 17.1258)
material_override = SubResource("StandardMaterial3D_pkg7o")
use_collision = true
size = Vector3(2, 4, 15)

[node name="box8" type="CSGBox3D" parent="map"]
transform = Transform3D(-0.0852435, 0, -0.99636, 0, 1, 0, 0.99636, 0, -0.0852435, 24.8742, 1.95872, 18.6517)
material_override = SubResource("StandardMaterial3D_pkg7o")
use_collision = true
size = Vector3(2, 4, 15)

[node name="box9" type="CSGBox3D" parent="map"]
transform = Transform3D(-0.0852435, 0, -0.99636, 0, 1, 0, 0.99636, 0, -0.0852435, 43.2769, 1.95872, 20.4323)
material_override = SubResource("StandardMaterial3D_pkg7o")
use_collision = true
size = Vector3(2, 5, 15)

[node name="box10" type="CSGBox3D" parent="map"]
transform = Transform3D(-0.0852428, -0.00392698, -0.996352, -0.00033475, 0.999992, -0.00391269, 0.99636, 0, -0.0852435, 43.2769, 1.95872, 24.2408)
material_override = SubResource("StandardMaterial3D_pkg7o")
use_collision = true
size = Vector3(2, 6, 15)

[node name="box11" type="CSGBox3D" parent="map"]
transform = Transform3D(-0.0852428, -0.00392698, -0.996352, -0.00033475, 0.999992, -0.00391269, 0.99636, 0, -0.0852435, 43.2769, 1.95872, 28.2211)
material_override = SubResource("StandardMaterial3D_pkg7o")
use_collision = true
size = Vector3(2, 8, 15)

[node name="box12" type="CSGBox3D" parent="map"]
transform = Transform3D(-0.0852428, -0.00392698, -0.996352, -0.00033475, 0.999992, -0.00391269, 0.99636, 0, -0.0852435, 43.2769, 1.95872, 32.7407)
material_override = SubResource("StandardMaterial3D_pkg7o")
use_collision = true
size = Vector3(2, 10, 2)

[node name="box13" type="CSGBox3D" parent="map"]
transform = Transform3D(-0.0852428, -0.00392698, -0.996352, -0.00033475, 0.999992, -0.00391269, 0.99636, 0, -0.0852435, 43.2769, 7.01952, 35.7701)
material_override = SubResource("StandardMaterial3D_pkg7o")
use_collision = true
size = Vector3(2, 2, 2)

[node name="box2" type="CSGBox3D" parent="map"]
transform = Transform3D(0.721772, 0, -0.692131, 0, 1, 0, 0.692131, 0, 0.721772, -0.71123, 1.00428, -7.12005)
material_override = SubResource("StandardMaterial3D_gbfbk")
use_collision = true
size = Vector3(2, 2, 2)

[node name="box7" type="CSGBox3D" parent="map"]
transform = Transform3D(-0.0810345, 0, -0.996711, 0, 1, 0, 0.996711, 0, -0.0810345, 12.8871, 2.31436, 17.3944)
material_override = SubResource("StandardMaterial3D_gbfbk")
use_collision = true
size = Vector3(3, 4.5, 5)

[node name="box3" type="CSGBox3D" parent="map"]
transform = Transform3D(0.999994, 0, -0.00352558, 0, 1, 0, 0.00352558, 0, 0.999994, -4.64797, 1.4952, -7.51978)
material_override = SubResource("StandardMaterial3D_ioo17")
use_collision = true
size = Vector3(3, 3, 3)

[node name="box4" type="CSGBox3D" parent="map"]
transform = Transform3D(0.999994, 0, -0.00352558, 0, 1, 0, 0.00352558, 0, 0.999994, -4.64797, 1.4952, -1.19717)
material_override = SubResource("StandardMaterial3D_ioo17")
use_collision = true
size = Vector3(1, 3, 10)

[node name="box5" type="CSGBox3D" parent="map"]
transform = Transform3D(0.999994, 0, -0.00352558, 0, 1, 0, 0.00352558, 0, 0.999994, -4.64797, 1.4952, 9.61492)
material_override = SubResource("StandardMaterial3D_ioo17")
use_collision = true
size = Vector3(1, 4, 10)

[node name="Untitled" parent="." instance=ExtResource("6_tefeu")]
transform = Transform3D(1, 0, 0, 0, 1, 0, 0, 0, 1, 6.45395, 0.0595064, 40.2372)

[node name="Untitled2" parent="." instance=ExtResource("6_tefeu")]
transform = Transform3D(-0.00136141, 0, 0.999999, 0, 1, 0, -0.999999, 0, -0.00136141, 14.4331, 0.118203, 78.7502)

[node name="Untitled1" parent="." instance=ExtResource("7_o6xl0")]
transform = Transform3D(1, 0, 0, 0, 1, 0, 0, 0, 1, -54.8523, -0.995096, -8.60983)

[node name="Sketchfab_Scene" parent="." instance=ExtResource("8_tipki")]
transform = Transform3D(-0.99993, 0, 0.0118331, 0, 1, 0, -0.0118331, 0, -0.99993, -0.465704, 0.488877, 13.9694)

[node name="Sketchfab_Scene3" parent="." instance=ExtResource("10_choun")]
transform = Transform3D(-2.44869, 0, -24.8798, 0, 25, 0, 24.8798, 0, -2.44869, 13.7591, 2.82269, 14.3294)

[node name="Sketchfab_Scene4" parent="." instance=ExtResource("10_ya4ey")]
transform = Transform3D(1, 0, 0, 0, 1, 0, 0, 0, 1, 4.23969, 0.794947, -1.80571)

[node name="Ty" parent="." instance=ExtResource("11_ya4ey")]
transform = Transform3D(1, 0, 0, 0, 1, 0, 0, 0, 1, 44.4802, 4.64922, 20.6988)
